0.0254777,0.00636943,0.044586,0.0127389,0.0254777,0.0700637,0.0955414,0.0318471,0.0127389,0.0955414,0.0254777,0.0700637,0.00636943,0.0764331,0.152866,0.0636943,0.0828025,0.044586,0.0382166,0.0191083
0.0103093,0.0515464,0.0721649,0.14433,0.0309278,0.0618557,0.0515464,0.14433,0.0618557,0.0309278,0.0309278,0.0824742,0.0412371,0.0206186,0.0103093,0.0103093,0.0103093,0.0103093,0.0618557,0.0618557
0.830508,0.0225989,0.0112994,0.00564972,0.00564972,0.00564972,0.00564972,0.0338983,0.00564972,0.00564972,0.0169492,0.00564972,0.00564972,0.00564972,0.00564972,0.00564972,0.00564972,0.00564972,0.00564972,0.00564972
0.0284091,0.0170455,0.00568182,0.0170455,0.00568182,0.0170455,0.0113636,0.0227273,0.0397727,0.00568182,0.0227273,0.00568182,0.00568182,0.0113636,0.0170455,0.551136,0.1875,0.00568182,0.0113636,0.0113636
0.00510204,0.0306122,0.0306122,0.0153061,0.0357143,0.00510204,0.0765306,0.168367,0.00510204,0.0663265,0.0969388,0.0102041,0.0765306,0.0867347,0.0153061,0.0459184,0.0102041,0.0561224,0.0918367,0.0714286
0.0151515,0.0151515,0.0151515,0.0151515,0.151515,0.030303,0.0757576,0.030303,0.0151515,0.030303,0.0454545,0.030303,0.257576,0.0454545,0.0151515,0.030303,0.0151515,0.0757576,0.0151515,0.0757576
0.0446429,0.00892857,0.00892857,0.0803571,0.0357143,0.0625,0.0446429,0.0267857,0.0535714,0.267857,0.00892857,0.00892857,0.00892857,0.0446429,0.0357143,0.0446429,0.0625,0.0892857,0.0357143,0.0267857
0.0571429,0.0142857,0.0142857,0.0285714,0.0714286,0.0285714,0.0142857,0.0142857,0.0714286,0.0285714,0.0142857,0.0285714,0.0714286,0.0285714,0.0285714,0.0142857,0.0285714,0.0285714,0.385714,0.0285714
0.00961538,0.00961538,0.0288462,0.00961538,0.0288462,0.0288462,0.0576923,0.0384615,0.0384615,0.192308,0.134615,0.0192308,0.0384615,0.0288462,0.0673077,0.0288462,0.0384615,0.163462,0.0192308,0.0192308
0.0338983,0.0169492,0.101695,0.0338983,0.152542,0.0169492,0.0338983,0.118644,0.0508475,0.0169492,0.0169492,0.0169492,0.0169492,0.0169492,0.0338983,0.0169492,0.0847458,0.0169492,0.0677966,0.135593
0.00884956,0.0353982,0.0265487,0.079646,0.00884956,0.0619469,0.0176991,0.0442478,0.0176991,0.0176991,0.0176991,0.132743,0.0442478,0.176991,0.0265487,0.0265487,0.0176991,0.176991,0.0353982,0.0265487
0.549708,0.0204678,0.00292398,0.00292398,0.00584795,0.122807,0.00584795,0.0467836,0.0175439,0.00292398,0.0175439,0.00292398,0.00292398,0.00292398,0.0467836,0.0526316,0.00584795,0.0380117,0.00877193,0.0438596
0.769953,0.0140845,0.00938967,0.0187793,0.0187793,0.0140845,0.0375587,0.0187793,0.00469484,0.0140845,0.00938967,0.00938967,0.00469484,0.00938967,0.00469484,0.00938967,0.00938967,0.00469484,0.0140845,0.00469484
0.0576923,0.0384615,0.0192308,0.0192308,0.0192308,0.0192308,0.0961538,0.0384615,0.0576923,0.0384615,0.0961538,0.0192308,0.0192308,0.0192308,0.0384615,0.0192308,0.230769,0.0192308,0.0769231,0.0576923
0.0136986,0.0205479,0.0410959,0.0273973,0.0410959,0.0136986,0.00684932,0.0410959,0.0410959,0.0136986,0.00684932,0.0136986,0.0136986,0.191781,0.0136986,0.0205479,0.123288,0.0410959,0.0136986,0.30137
0.00481928,0.0746988,0.0192771,0.0554217,0.00240964,0.0385542,0.00240964,0.0578313,0.0698795,0.00481928,0.166265,0.00722892,0.00481928,0.0240964,0.026506,0.0722892,0.171084,0.00240964,0.0168675,0.178313
0.0126582,0.0126582,0.0379747,0.0506329,0.0126582,0.0126582,0.164557,0.101266,0.101266,0.164557,0.0253165,0.0253165,0.0379747,0.0126582,0.0253165,0.0253165,0.0759494,0.0126582,0.0379747,0.0506329
0.0246914,0.037037,0.0617284,0.0123457,0.0246914,0.0617284,0.111111,0.0864198,0.160494,0.0617284,0.0246914,0.0246914,0.0246914,0.037037,0.037037,0.037037,0.037037,0.037037,0.0617284,0.037037
0.025,0.00625,0.06875,0.00625,0.0125,0.175,0.08125,0.125,0.05625,0.0125,0.08125,0.06875,0.0125,0.01875,0.08125,0.0625,0.0375,0.0375,0.025,0.00625
0.00671141,0.033557,0.107383,0.0469799,0.00671141,0.0268456,0.0402685,0.0201342,0.0268456,0.0201342,0.0201342,0.0134228,0.0201342,0.0134228,0.00671141,0.422819,0.134228,0.00671141,0.0134228,0.0134228
0.1125,0.0625,0.0125,0.0125,0.0875,0.05,0.0375,0.0125,0.0625,0.0375,0.0125,0.0125,0.1125,0.0875,0.025,0.05,0.0375,0.075,0.0875,0.0125
0.0851064,0.0212766,0.0638298,0.0638298,0.0638298,0.0212766,0.106383,0.0425532,0.0212766,0.0212766,0.0212766,0.0425532,0.0212766,0.106383,0.0212766,0.12766,0.0212766,0.0212766,0.0212766,0.0851064
0.00238095,0.0047619,0.00714286,0.121429,0.0214286,0.0119048,0.00952381,0.00952381,0.0595238,0.00952381,0.0119048,0.0309524,0.0428571,0.0142857,0.102381,0.390476,0.0142857,0.0238095,0.0047619,0.107143
0.495726,0.0683761,0.014245,0.02849,0.00569801,0.00569801,0.0854701,0.025641,0.00569801,0.011396,0.039886,0.00569801,0.019943,0.011396,0.014245,0.002849,0.011396,0.131054,0.00569801,0.011396
0.0163934,0.147541,0.0491803,0.0163934,0.0163934,0.0163934,0.0163934,0.0655738,0.0491803,0.0163934,0.0327869,0.295082,0.0163934,0.0983607,0.0327869,0.0491803,0.0163934,0.0163934,0.0163934,0.0163934
0.00636943,0.343949,0.089172,0.0191083,0.0191083,0.00636943,0.0318471,0.11465,0.0700637,0.0127389,0.0382166,0.0127389,0.0127389,0.0700637,0.044586,0.0318471,0.0127389,0.0382166,0.0191083,0.00636943
0.00980392,0.0392157,0.0882353,0.0784314,0.00980392,0.0490196,0.254902,0.0588235,0.0196078,0.0490196,0.0490196,0.0686275,0.00980392,0.0490196,0.0196078,0.0294118,0.0392157,0.00980392,0.00980392,0.0588235
0.0078125,0.046875,0.015625,0.0078125,0.078125,0.148438,0.0078125,0.34375,0.0078125,0.0390625,0.015625,0.0546875,0.0078125,0.0078125,0.0078125,0.0390625,0.109375,0.0078125,0.03125,0.015625
0.0243902,0.0609756,0.0121951,0.0121951,0.0121951,0.0365854,0.0609756,0.0121951,0.0853659,0.0487805,0.0487805,0.0609756,0.0243902,0.0121951,0.0243902,0.0609756,0.0487805,0.0243902,0.0121951,0.317073
0.00757576,0.0227273,0.159091,0.0454545,0.00757576,0.0227273,0.0984848,0.030303,0.0454545,0.0984848,0.0227273,0.0454545,0.0984848,0.00757576,0.0227273,0.030303,0.00757576,0.0378788,0.181818,0.00757576
0.00909091,0.0272727,0.0181818,0.00909091,0.127273,0.0181818,0.0272727,0.0181818,0.0727273,0.0454545,0.0181818,0.0272727,0.154545,0.181818,0.0181818,0.0636364,0.0181818,0.0272727,0.0909091,0.0272727
0.011811,0.00590551,0.00590551,0.0019685,0.0649606,0.00590551,0.0137795,0.00590551,0.019685,0.011811,0.0688976,0.00393701,0.00787402,0.0964567,0.0177165,0.0137795,0.409449,0.011811,0.019685,0.202756
0.025641,0.025641,0.0128205,0.0128205,0.102564,0.025641,0.025641,0.0641026,0.0128205,0.0641026,0.025641,0.115385,0.0769231,0.0384615,0.0128205,0.102564,0.0128205,0.0769231,0.0512821,0.115385
0.028169,0.0140845,0.028169,0.028169,0.112676,0.0140845,0.028169,0.0140845,0.028169,0.112676,0.028169,0.028169,0.0422535,0.0140845,0.0140845,0.056338,0.0985915,0.0422535,0.056338,0.211268
0.770335,0.00956938,0.00478469,0.00478469,0.0239234,0.00478469,0.0143541,0.00956938,0.00956938,0.00478469,0.0143541,0.00956938,0.0143541,0.00478469,0.0143541,0.00478469,0.0239234,0.0239234,0.0143541,0.0191388
0.0152672,0.0229008,0.00763359,0.0229008,0.0458015,0.0229008,0.0687023,0.290076,0.0229008,0.0229008,0.0305344,0.0305344,0.0305344,0.0152672,0.0381679,0.0534351,0.00763359,0.0763359,0.129771,0.0458015
0.0405405,0.0135135,0.027027,0.0135135,0.0135135,0.027027,0.0135135,0.0675676,0.0540541,0.0405405,0.027027,0.0135135,0.0405405,0.027027,0.0135135,0.0405405,0.0135135,0.310811,0.162162,0.0405405
0.0160428,0.0213904,0.122995,0.0427807,0.0160428,0.0802139,0.0427807,0.0160428,0.0695187,0.0427807,0.00534759,0.262032,0.00534759,0.0588235,0.0320856,0.0481283,0.026738,0.0160428,0.0695187,0.00534759
0.0123457,0.0123457,0.037037,0.166667,0.0246914,0.0123457,0.104938,0.0493827,0.0432099,0.0493827,0.00617284,0.0925926,0.00617284,0.154321,0.037037,0.00617284,0.0308642,0.00617284,0.0185185,0.12963
0.00787402,0.0629921,0.00787402,0.0629921,0.023622,0.015748,0.0629921,0.0551181,0.0629921,0.0314961,0.110236,0.00787402,0.023622,0.00787402,0.00787402,0.0551181,0.181102,0.15748,0.015748,0.0393701
0.00990099,0.138614,0.00990099,0.049505,0.00990099,0.039604,0.039604,0.0693069,0.00990099,0.128713,0.019802,0.049505,0.019802,0.00990099,0.00990099,0.049505,0.019802,0.029703,0.257426,0.029703
0.00833333,0.05,0.00833333,0.208333,0.0333333,0.05,0.05,0.0333333,0.00833333,0.0333333,0.116667,0.025,0.00833333,0.191667,0.00833333,0.00833333,0.025,0.00833333,0.108333,0.0166667
0.008,0.016,0.024,0.048,0.016,0.008,0.032,0.016,0.008,0.048,0.136,0.024,0.032,0.056,0.2,0.184,0.048,0.024,0.032,0.04
0.0444444,0.0444444,0.0222222,0.0888889,0.0222222,0.0666667,0.0444444,0.0222222,0.0222222,0.0222222,0.0222222,0.0222222,0.0222222,0.177778,0.0888889,0.0222222,0.133333,0.0444444,0.0444444,0.0222222
0.484848,0.0212121,0.00909091,0.0242424,0.0272727,0.0121212,0.0787879,0.0121212,0.030303,0.0181818,0.0181818,0.0121212,0.0030303,0.0030303,0.0030303,0.0121212,0.0727273,0.0333333,0.0909091,0.0333333
0.00952381,0.228571,0.142857,0.0952381,0.00952381,0.0190476,0.0190476,0.00952381,0.0285714,0.0190476,0.047619,0.0571429,0.00952381,0.0190476,0.0571429,0.0571429,0.0190476,0.0571429,0.0380952,0.0571429
0.010101,0.0505051,0.010101,0.030303,0.0808081,0.030303,0.030303,0.0606061,0.010101,0.020202,0.020202,0.010101,0.0707071,0.121212,0.020202,0.0707071,0.222222,0.040404,0.030303,0.0606061
0.0168067,0.0420168,0.0420168,0.0420168,0.092437,0.0840336,0.0168067,0.0840336,0.00840336,0.0252101,0.0252101,0.285714,0.0504202,0.0252101,0.00840336,0.0336134,0.00840336,0.0252101,0.0504202,0.0336134
0.047619,0.031746,0.047619,0.031746,0.0634921,0.015873,0.031746,0.031746,0.0793651,0.015873,0.0952381,0.0634921,0.126984,0.015873,0.047619,0.015873,0.031746,0.126984,0.0634921,0.015873
0.0161943,0.00809717,0.0202429,0.0121457,0.0242915,0.00809717,0.133603,0.0364372,0.105263,0.0931174,0.271255,0.00809717,0.0161943,0.0364372,0.00809717,0.0404858,0.0121457,0.0445344,0.0890688,0.0161943
0.0339806,0.0485437,0.00485437,0.00485437,0.00970874,0.00485437,0.0242718,0.0291262,0.160194,0.199029,0.0485437,0.00485437,0.0776699,0.0339806,0.0291262,0.0291262,0.0582524,0.121359,0.038835,0.038835
0.0416667,0.0520833,0.03125,0.03125,0.0833333,0.0104167,0.0104167,0.0104167,0.0416667,0.0416667,0.0208333,0.0104167,0.0729167,0.104167,0.21875,0.104167,0.03125,0.0416667,0.03125,0.0104167
0.0425532,0.0638298,0.0851064,0.0212766,0.0212766,0.0638298,0.106383,0.0425532,0.0212766,0.0212766,0.0425532,0.0638298,0.0212766,0.0638298,0.0638298,0.0638298,0.0212766,0.12766,0.0212766,0.0212766
0.00585938,0.00390625,0.0136719,0.0722656,0.00195312,0.0390625,0.0722656,0.0234375,0.015625,0.0800781,0.0214844,0.546875,0.00976562,0.015625,0.0117188,0.00390625,0.0117188,0.0234375,0.0078125,0.0195312
0.0147059,0.0147059,0.0588235,0.0294118,0.0441176,0.0147059,0.0882353,0.0147059,0.0441176,0.0441176,0.0588235,0.0294118,0.0147059,0.0588235,0.0882353,0.0147059,0.161765,0.0147059,0.0882353,0.102941
0.0506329,0.0126582,0.0253165,0.139241,0.0506329,0.0126582,0.0126582,0.0886076,0.0506329,0.0253165,0.0632911,0.0253165,0.0379747,0.0253165,0.0253165,0.0632911,0.164557,0.0253165,0.0126582,0.0886076
0.0430108,0.0107527,0.0107527,0.0107527,0.0752688,0.0430108,0.0322581,0.0967742,0.0107527,0.16129,0.0322581,0.0107527,0.0537634,0.0322581,0.0107527,0.0215054,0.150538,0.0860215,0.0430108,0.0645161
0.639098,0.0075188,0.0075188,0.0263158,0.0150376,0.0075188,0.0037594,0.0037594,0.0112782,0.0601504,0.0225564,0.0075188,0.0225564,0.0075188,0.037594,0.0676692,0.018797,0.0225564,0.0075188,0.0037594
0.0224359,0.0224359,0.00320513,0.0320513,0.0352564,0.00320513,0.00320513,0.00641026,0.0192308,0.00961538,0.0128205,0.0384615,0.00961538,0.00641026,0.108974,0.0224359,0.298077,0.0384615,0.0288462,0.278846
0.0120482,0.150602,0.0240964,0.0060241,0.0301205,0.0180723,0.0481928,0.0301205,0.0240964,0.23494,0.0542169,0.0301205,0.0783133,0.0903614,0.0120482,0.0120482,0.0120482,0.0903614,0.0180723,0.0240964
0.016,0.008,0.024,0.016,0.024,0.008,0.144,0.016,0.016,0.176,0.048,0.088,0.064,0.04,0.088,0.024,0.032,0.008,0.136,0.024
0.0168067,0.0588235,0.0168067,0.00840336,0.0420168,0.0252101,0.0252101,0.0336134,0.0168067,0.10084,0.134454,0.12605,0.0336134,0.0168067,0.092437,0.0168067,0.092437,0.0756303,0.0168067,0.0504202
0.0428571,0.0571429,0.0428571,0.0428571,0.0571429,0.1,0.0142857,0.114286,0.0857143,0.0142857,0.0285714,0.0285714,0.0142857,0.0142857,0.114286,0.0857143,0.0142857,0.0285714,0.0714286,0.0285714
0.0363636,0.0363636,0.0181818,0.127273,0.109091,0.0181818,0.109091,0.0363636,0.0545455,0.0909091,0.0363636,0.0181818,0.0727273,0.0181818,0.0727273,0.0181818,0.0545455,0.0363636,0.0181818,0.0181818
0.0384615,0.0192308,0.0576923,0.0192308,0.0384615,0.0192308,0.0384615,0.0769231,0.0384615,0.0192308,0.0192308,0.0192308,0.192308,0.0576923,0.0769231,0.0192308,0.0192308,0.134615,0.0769231,0.0192308
0.0236686,0.0769231,0.00591716,0.0414201,0.0710059,0.0591716,0.0236686,0.00591716,0.0177515,0.0650888,0.00591716,0.0414201,0.0118343,0.0414201,0.0295858,0.0769231,0.0236686,0.0887574,0.0946746,0.195266
0.0609756,0.0853659,0.0731707,0.0609756,0.0609756,0.146341,0.0121951,0.0365854,0.0365854,0.146341,0.0243902,0.0121951,0.0121951,0.0243902,0.0121951,0.0121951,0.0487805,0.0487805,0.0487805,0.0365854
0.00961538,0.0192308,0.00961538,0.00961538,0.0961538,0.0480769,0.25,0.0192308,0.0192308,0.0673077,0.105769,0.0192308,0.00961538,0.00961538,0.0576923,0.00961538,0.0384615,0.00961538,0.182692,0.00961538
0.490385,0.025641,0.00961538,0.0128205,0.0801282,0.0192308,0.0128205,0.0673077,0.0160256,0.0416667,0.00320513,0.00641026,0.00641026,0.00320513,0.0288462,0.0416667,0.0480769,0.0160256,0.025641,0.0448718
0.0202703,0.00675676,0.0135135,0.027027,0.0472973,0.0743243,0.0135135,0.337838,0.00675676,0.0608108,0.0878378,0.0675676,0.00675676,0.0337838,0.00675676,0.0135135,0.0608108,0.00675676,0.0810811,0.027027
0.0217391,0.0217391,0.0326087,0.0652174,0.0326087,0.0217391,0.184783,0.0326087,0.0434783,0.0434783,0.119565,0.0326087,0.0217391,0.0326087,0.0652174,0.0434783,0.0326087,0.0978261,0.0326087,0.0217391
0.0149254,0.0149254,0.0149254,0.0149254,0.0298507,0.0149254,0.0298507,0.0298507,0.0597015,0.238806,0.0746269,0.0149254,0.0597015,0.0597015,0.0149254,0.0149254,0.0149254,0.223881,0.0149254,0.0447761
0.00900901,0.018018,0.036036,0.018018,0.027027,0.018018,0.027027,0.018018,0.171171,0.00900901,0.018018,0.468468,0.00900901,0.00900901,0.036036,0.036036,0.00900901,0.00900901,0.027027,0.027027
0.0535714,0.0892857,0.0535714,0.0178571,0.0357143,0.0535714,0.0178571,0.0535714,0.0178571,0.0178571,0.0357143,0.214286,0.0178571,0.0892857,0.0714286,0.0714286,0.0178571,0.0357143,0.0178571,0.0178571
0.00990099,0.00990099,0.019802,0.00990099,0.029703,0.108911,0.00990099,0.039604,0.019802,0.0594059,0.108911,0.0693069,0.029703,0.118812,0.0693069,0.00990099,0.00990099,0.019802,0.029703,0.217822
0.00520833,0.0104167,0.0260417,0.00520833,0.0677083,0.0364583,0.0416667,0.0625,0.0104167,0.0260417,0.0729167,0.00520833,0.0104167,0.0104167,0.03125,0.0104167,0.0416667,0.00520833,0.505208,0.015625
0.0183486,0.0275229,0.0275229,0.0550459,0.0917431,0.0275229,0.0183486,0.00917431,0.0550459,0.0366972,0.165138,0.0642202,0.0825688,0.0183486,0.00917431,0.00917431,0.0550459,0.0642202,0.12844,0.0366972
0.00966184,0.0386473,0.0241546,0.0144928,0.00966184,0.0144928,0.0144928,0.0193237,0.0241546,0.0869565,0.00483092,0.00483092,0.0483092,0.0483092,0.00966184,0.0241546,0.36715,0.057971,0.0144928,0.164251
0.0441176,0.0147059,0.0441176,0.0294118,0.117647,0.147059,0.0441176,0.0294118,0.0294118,0.0294118,0.117647,0.0294118,0.0147059,0.102941,0.0147059,0.0147059,0.0882353,0.0294118,0.0294118,0.0294118
0.82967,0.010989,0.00549451,0.00549451,0.0274725,0.00549451,0.00549451,0.00549451,0.00549451,0.00549451,0.0274725,0.010989,0.00549451,0.00549451,0.010989,0.00549451,0.010989,0.00549451,0.00549451,0.00549451
0.00892857,0.0267857,0.0357143,0.0892857,0.0892857,0.0178571,0.0357143,0.00892857,0.0178571,0.0267857,0.116071,0.00892857,0.0446429,0.0625,0.116071,0.0535714,0.107143,0.0625,0.0446429,0.0267857
0.00628931,0.0691824,0.0566038,0.100629,0.0125786,0.0251572,0.0691824,0.0377358,0.169811,0.0314465,0.0125786,0.081761,0.0251572,0.0880503,0.0691824,0.0251572,0.0691824,0.0188679,0.0251572,0.00628931
0.0403226,0.016129,0.016129,0.0483871,0.0241935,0.0725806,0.016129,0.0806452,0.112903,0.0645161,0.0322581,0.0241935,0.0403226,0.0241935,0.0483871,0.0403226,0.129032,0.016129,0.00806452,0.145161
0.0136054,0.0544218,0.047619,0.0272109,0.0272109,0.047619,0.0748299,0.0748299,0.0884354,0.0612245,0.122449,0.0136054,0.0544218,0.0136054,0.00680272,0.0340136,0.0204082,0.0612245,0.142857,0.0136054
0.0152672,0.0229008,0.00763359,0.00763359,0.0305344,0.198473,0.0381679,0.0305344,0.0763359,0.0152672,0.0152672,0.0839695,0.10687,0.00763359,0.0305344,0.0305344,0.114504,0.0839695,0.0381679,0.0458015
0.0119403,0.00597015,0.041791,0.0268657,0.00298507,0.0179104,0.0179104,0.0626866,0.128358,0.0835821,0.286567,0.00895522,0.0238806,0.0238806,0.0238806,0.0149254,0.0358209,0.0477612,0.0358209,0.0985075
0.0120482,0.0240964,0.144578,0.0722892,0.0481928,0.0120482,0.0240964,0.0361446,0.0240964,0.0722892,0.0722892,0.0240964,0.0240964,0.0963855,0.0843373,0.0481928,0.0722892,0.0240964,0.0240964,0.060241
0.0186916,0.0654206,0.102804,0.00934579,0.0560748,0.00934579,0.214953,0.0560748,0.00934579,0.102804,0.0186916,0.00934579,0.0280374,0.0560748,0.00934579,0.046729,0.11215,0.00934579,0.0560748,0.00934579
0.0326087,0.0434783,0.0108696,0.0543478,0.0652174,0.0108696,0.076087,0.0326087,0.0217391,0.0434783,0.0217391,0.0108696,0.0434783,0.0326087,0.0434783,0.0434783,0.119565,0.0217391,0.0326087,0.23913
0.644689,0.003663,0.00732601,0.010989,0.014652,0.010989,0.032967,0.029304,0.010989,0.018315,0.00732601,0.003663,0.003663,0.029304,0.010989,0.003663,0.0915751,0.003663,0.003663,0.0586081
0.0851064,0.0212766,0.0212766,0.0425532,0.0851064,0.0212766,0.0212766,0.0212766,0.0212766,0.12766,0.0638298,0.0212766,0.106383,0.106383,0.0212766,0.0851064,0.0212766,0.0212766,0.0425532,0.0425532
0.0103093,0.0618557,0.14433,0.0515464,0.0309278,0.0103093,0.0412371,0.0206186,0.0412371,0.0206186,0.0206186,0.0103093,0.0103093,0.0618557,0.185567,0.0515464,0.0309278,0.0309278,0.123711,0.0412371
0.00411523,0.0288066,0.00411523,0.0164609,0.00823045,0.0123457,0.00823045,0.0205761,0.00411523,0.0246914,0.0493827,0.0164609,0.0288066,0.00823045,0.0658436,0.00411523,0.00823045,0.604938,0.0164609,0.0658436
0.0194175,0.00970874,0.0194175,0.00970874,0.00970874,0.00970874,0.00970874,0.0679612,0.0873786,0.038835,0.0291262,0.0194175,0.00970874,0.00970874,0.0291262,0.00970874,0.126214,0.466019,0.00970874,0.00970874
0.101562,0.015625,0.0234375,0.0234375,0.046875,0.015625,0.0625,0.0859375,0.015625,0.046875,0.0546875,0.0234375,0.046875,0.015625,0.09375,0.046875,0.125,0.0546875,0.015625,0.0859375
0.015873,0.031746,0.174603,0.015873,0.031746,0.015873,0.015873,0.031746,0.031746,0.0793651,0.031746,0.015873,0.015873,0.015873,0.047619,0.031746,0.238095,0.0793651,0.031746,0.047619
0.0521739,0.0608696,0.00869565,0.0173913,0.0869565,0.0173913,0.0347826,0.00869565,0.00869565,0.00869565,0.00869565,0.026087,0.0173913,0.0173913,0.0173913,0.00869565,0.313043,0.0869565,0.0956522,0.104348
0.00952381,0.0190476,0.0190476,0.0190476,0.0190476,0.047619,0.0571429,0.0190476,0.0380952,0.00952381,0.0190476,0.00952381,0.114286,0.0190476,0.00952381,0.00952381,0.0380952,0.0571429,0.0571429,0.409524
0.025,0.0375,0.0375,0.1375,0.025,0.0125,0.0625,0.025,0.075,0.025,0.025,0.0375,0.0125,0.0125,0.075,0.1125,0.15,0.0125,0.075,0.025
0.53125,0.003125,0.01875,0.0375,0.021875,0.0125,0.034375,0.01875,0.003125,0.00625,0.115625,0.003125,0.009375,0.009375,0.01875,0.053125,0.01875,0.0375,0.040625,0.00625
0.0196078,0.0196078,0.0392157,0.0196078,0.00980392,0.245098,0.0980392,0.0196078,0.0784314,0.0196078,0.127451,0.0294118,0.00980392,0.0196078,0.0196078,0.0294118,0.0196078,0.0490196,0.0882353,0.0392157
0.02,0.02,0.04,0.06,0.08,0.02,0.1,0.12,0.04,0.04,0.06,0.04,0.02,0.06,0.02,0.06,0.02,0.12,0.02,0.04
0.0128205,0.115385,0.0641026,0.025641,0.025641,0.115385,0.0769231,0.0897436,0.025641,0.0512821,0.102564,0.025641,0.0384615,0.0897436,0.0128205,0.025641,0.025641,0.0128205,0.0512821,0.0128205
0.00662252,0.0596026,0.139073,0.00662252,0.0264901,0.00662252,0.0331126,0.0993377,0.013245,0.0198675,0.0331126,0.013245,0.0331126,0.0397351,0.0198675,0.0529801,0.0794702,0.198675,0.112583,0.00662252
0.0245399,0.00613497,0.00613497,0.0184049,0.0368098,0.0184049,0.0184049,0.00613497,0.141104,0.122699,0.0429448,0.0122699,0.0858896,0.0490798,0.0184049,0.0429448,0.00613497,0.0736196,0.251534,0.0184049
0.00588235,0.135294,0.188235,0.0764706,0.0470588,0.0235294,0.0294118,0.0117647,0.0117647,0.229412,0.0470588,0.0352941,0.0235294,0.00588235,0.0294118,0.0235294,0.0117647,0.0235294,0.00588235,0.0352941
0.021978,0.043956,0.0659341,0.0879121,0.131868,0.021978,0.197802,0.032967,0.021978,0.0549451,0.021978,0.021978,0.021978,0.010989,0.0549451,0.043956,0.032967,0.0549451,0.043956,0.010989
0.0408163,0.0204082,0.0408163,0.306122,0.0204082,0.0204082,0.0816327,0.0204082,0.0204082,0.0204082,0.0408163,0.0408163,0.0408163,0.0204082,0.0204082,0.0408163,0.0408163,0.0204082,0.0816327,0.0612245
0.0309278,0.0412371,0.0206186,0.0927835,0.0103093,0.0103093,0.0412371,0.0206186,0.0515464,0.103093,0.0206186,0.0412371,0.0309278,0.0309278,0.0103093,0.0309278,0.0103093,0.0309278,0.0515464,0.319588
0.0140845,0.0140845,0.028169,0.15493,0.126761,0.0140845,0.0422535,0.0140845,0.0704225,0.0140845,0.0140845,0.028169,0.0140845,0.0704225,0.056338,0.112676,0.0422535,0.0140845,0.084507,0.0704225
0.0126582,0.0632911,0.0506329,0.0379747,0.0506329,0.0759494,0.139241,0.0506329,0.0379747,0.0253165,0.0379747,0.0126582,0.0506329,0.0253165,0.0759494,0.0759494,0.0126582,0.0253165,0.126582,0.0126582
0.0363636,0.0181818,0.109091,0.127273,0.0545455,0.0545455,0.0181818,0.0181818,0.0181818,0.0363636,0.0363636,0.0181818,0.0363636,0.0363636,0.0545455,0.145455,0.109091,0.0181818,0.0363636,0.0181818
0.848315,0.00561798,0.011236,0.00561798,0.00561798,0.00561798,0.00561798,0.0224719,0.00561798,0.00561798,0.00561798,0.00561798,0.00561798,0.00561798,0.00561798,0.00561798,0.011236,0.0224719,0.00561798,0.00561798
0.00684932,0.0273973,0.00684932,0.00684932,0.0616438,0.0958904,0.109589,0.0273973,0.0205479,0.0479452,0.0205479,0.0342466,0.0273973,0.0205479,0.00684932,0.0821918,0.356164,0.0136986,0.0205479,0.00684932
0.031746,0.031746,0.269841,0.0634921,0.015873,0.0396825,0.015873,0.00793651,0.00793651,0.0238095,0.015873,0.031746,0.00793651,0.031746,0.0396825,0.0952381,0.0793651,0.0555556,0.00793651,0.126984
0.08,0.0133333,0.0533333,0.0933333,0.0133333,0.04,0.0266667,0.0533333,0.08,0.0666667,0.146667,0.04,0.0133333,0.0266667,0.0266667,0.0533333,0.0133333,0.0533333,0.08,0.0266667
0.00793651,0.0555556,0.0396825,0.0555556,0.031746,0.0555556,0.015873,0.015873,0.0238095,0.015873,0.015873,0.484127,0.015873,0.0396825,0.015873,0.0238095,0.00793651,0.015873,0.0555556,0.00793651
0.0220588,0.0588235,0.0294118,0.0147059,0.0367647,0.0147059,0.0367647,0.0147059,0.00735294,0.00735294,0.0514706,0.610294,0.00735294,0.0147059,0.00735294,0.00735294,0.00735294,0.00735294,0.0367647,0.00735294
0.0273973,0.0547945,0.0410959,0.0958904,0.0410959,0.0410959,0.0273973,0.0273973,0.109589,0.0273973,0.0273973,0.0273973,0.0547945,0.0684932,0.0136986,0.0273973,0.0273973,0.123288,0.0684932,0.0684932
0.0652174,0.0724638,0.0289855,0.0289855,0.0289855,0.0507246,0.00724638,0.00724638,0.0144928,0.123188,0.0362319,0.0942029,0.0144928,0.00724638,0.00724638,0.057971,0.00724638,0.0434783,0.289855,0.0144928
0.0231214,0.179191,0.0578035,0.0231214,0.0289017,0.0404624,0.0635838,0.0115607,0.00578035,0.0924855,0.0635838,0.16763,0.017341,0.0982659,0.017341,0.0231214,0.0462428,0.0115607,0.017341,0.0115607
0.00884956,0.0176991,0.0442478,0.0442478,0.0619469,0.0973451,0.106195,0.0442478,0.106195,0.0442478,0.0176991,0.00884956,0.0176991,0.0530973,0.0530973,0.00884956,0.0265487,0.106195,0.0884956,0.0442478
0.030303,0.0707071,0.0606061,0.010101,0.040404,0.0808081,0.010101,0.030303,0.010101,0.323232,0.010101,0.010101,0.010101,0.030303,0.010101,0.0707071,0.020202,0.020202,0.040404,0.111111
0.0225564,0.0300752,0.0827068,0.0150376,0.0075188,0.0150376,0.0075188,0.135338,0.0451128,0.037594,0.105263,0.037594,0.0150376,0.0676692,0.0150376,0.0225564,0.037594,0.0075188,0.0676692,0.225564
0.0224719,0.0337079,0.0786517,0.123596,0.0898876,0.011236,0.0561798,0.011236,0.0561798,0.0674157,0.0224719,0.0337079,0.0674157,0.0449438,0.0674157,0.011236,0.0337079,0.0561798,0.101124,0.011236
0.708696,0.00434783,0.00434783,0.00434783,0.00869565,0.00869565,0.0217391,0.00434783,0.00434783,0.0217391,0.00869565,0.00434783,0.0521739,0.00869565,0.0130435,0.0173913,0.0391304,0.026087,0.026087,0.0130435
0.0142857,0.0571429,0.0142857,0.0428571,0.0142857,0.128571,0.0857143,0.0571429,0.0285714,0.0428571,0.0714286,0.0714286,0.0142857,0.0571429,0.0714286,0.0428571,0.0571429,0.0714286,0.0285714,0.0285714
0.016,0.072,0.024,0.008,0.008,0.032,0.008,0.448,0.024,0.04,0.016,0.024,0.008,0.008,0.008,0.016,0.024,0.024,0.024,0.168
0.538462,0.0559441,0.0174825,0.0034965,0.034965,0.0594406,0.0104895,0.00699301,0.0314685,0.0244755,0.027972,0.0734266,0.00699301,0.00699301,0.0244755,0.013986,0.00699301,0.034965,0.00699301,0.013986
0.0186916,0.383178,0.0186916,0.00934579,0.0280374,0.0280374,0.00934579,0.140187,0.00934579,0.00934579,0.0186916,0.0186916,0.00934579,0.0280374,0.00934579,0.0560748,0.0841121,0.0186916,0.046729,0.0560748
0.00884956,0.292035,0.00884956,0.0353982,0.0353982,0.0442478,0.00884956,0.0707965,0.00884956,0.0530973,0.0176991,0.106195,0.0353982,0.0530973,0.00884956,0.0353982,0.0619469,0.0530973,0.0442478,0.0176991
0.00549451,0.247253,0.010989,0.0274725,0.010989,0.0274725,0.0549451,0.0164835,0.0274725,0.043956,0.0659341,0.126374,0.0604396,0.032967,0.104396,0.00549451,0.021978,0.00549451,0.0769231,0.0274725
0.00662252,0.172185,0.013245,0.0397351,0.0860927,0.0463576,0.0198675,0.13245,0.00662252,0.0794702,0.00662252,0.18543,0.00662252,0.013245,0.0198675,0.00662252,0.013245,0.0463576,0.0596026,0.0397351
0.00694444,0.375,0.0486111,0.00694444,0.0347222,0.0416667,0.0208333,0.243056,0.0277778,0.0138889,0.00694444,0.0138889,0.0208333,0.0416667,0.0138889,0.0347222,0.00694444,0.0138889,0.00694444,0.0208333
0.00952381,0.00952381,0.12381,0.0285714,0.00952381,0.047619,0.00952381,0.0666667,0.114286,0.0666667,0.00952381,0.00952381,0.0190476,0.00952381,0.0285714,0.0571429,0.295238,0.0190476,0.0571429,0.00952381
0.00943396,0.254717,0.150943,0.0188679,0.0377358,0.0188679,0.00943396,0.292453,0.00943396,0.00943396,0.00943396,0.0188679,0.0283019,0.0283019,0.00943396,0.0283019,0.0188679,0.00943396,0.0188679,0.0188679
0.0175439,0.0438596,0.0964912,0.100877,0.0657895,0.157895,0.0964912,0.0745614,0.100877,0.00438596,0.00438596,0.00877193,0.0175439,0.0263158,0.105263,0.00438596,0.00877193,0.00438596,0.0131579,0.0482456
0.0108108,0.0864865,0.0162162,0.0324324,0.0108108,0.0378378,0.0324324,0.145946,0.0324324,0.0162162,0.0972973,0.0108108,0.0108108,0.0486486,0.145946,0.0648649,0.0540541,0.0432432,0.0756757,0.027027
0.0206186,0.185567,0.0360825,0.056701,0.0103093,0.0257732,0.0979381,0.0515464,0.0103093,0.0309278,0.00515464,0.0463918,0.056701,0.0412371,0.113402,0.0618557,0.0927835,0.00515464,0.0463918,0.00515464
0.0238095,0.0119048,0.0119048,0.130952,0.0119048,0.0595238,0.0119048,0.0952381,0.0238095,0.0833333,0.0119048,0.047619,0.0357143,0.0119048,0.0238095,0.0238095,0.285714,0.0119048,0.0119048,0.0714286
0.622222,0.0111111,0.0037037,0.0555556,0.0555556,0.00740741,0.0111111,0.0185185,0.0037037,0.0185185,0.0333333,0.00740741,0.0148148,0.0037037,0.0740741,0.0037037,0.0037037,0.0296296,0.0148148,0.00740741
0.0540541,0.00675676,0.00675676,0.0945946,0.0540541,0.0202703,0.00675676,0.0675676,0.0675676,0.0337838,0.114865,0.027027,0.0135135,0.027027,0.0135135,0.0472973,0.0135135,0.0202703,0.0540541,0.256757
0.0659341,0.032967,0.043956,0.010989,0.043956,0.043956,0.131868,0.021978,0.043956,0.021978,0.010989,0.021978,0.010989,0.0769231,0.0989011,0.164835,0.032967,0.0659341,0.021978,0.032967
0.00680272,0.0340136,0.0816327,0.102041,0.0272109,0.0272109,0.183673,0.0612245,0.0204082,0.0884354,0.0680272,0.0204082,0.0204082,0.0408163,0.0408163,0.0204082,0.0136054,0.0136054,0.0816327,0.047619
0.00606061,0.00606061,0.0606061,0.0424242,0.00606061,0.0727273,0.0363636,0.181818,0.0121212,0.0545455,0.0363636,0.0909091,0.030303,0.030303,0.0121212,0.109091,0.0121212,0.0666667,0.127273,0.00606061
0.0105263,0.0210526,0.0631579,0.0736842,0.0210526,0.157895,0.0210526,0.0210526,0.0736842,0.0947368,0.0736842,0.0315789,0.0421053,0.0421053,0.0105263,0.0105263,0.0210526,0.0421053,0.0736842,0.0947368
0.025641,0.0128205,0.0128205,0.025641,0.0384615,0.0512821,0.0641026,0.0897436,0.102564,0.0769231,0.0769231,0.0128205,0.153846,0.025641,0.025641,0.025641,0.0128205,0.0641026,0.0897436,0.0128205
0.866279,0.00581395,0.00581395,0.00581395,0.00581395,0.0116279,0.00581395,0.00581395,0.00581395,0.00581395,0.00581395,0.00581395,0.00581395,0.00581395,0.00581395,0.00581395,0.00581395,0.00581395,0.0116279,0.0174419
0.0422535,0.0704225,0.0140845,0.028169,0.0985915,0.084507,0.0140845,0.0140845,0.28169,0.0422535,0.0140845,0.0140845,0.028169,0.056338,0.056338,0.056338,0.0140845,0.028169,0.0140845,0.028169
0.0133333,0.0266667,0.0133333,0.0133333,0.0666667,0.04,0.0133333,0.0266667,0.0133333,0.0266667,0.0533333,0.0133333,0.16,0.16,0.08,0.0533333,0.0133333,0.04,0.0133333,0.16
0.622137,0.019084,0.019084,0.00763359,0.0305344,0.019084,0.0152672,0.0152672,0.00381679,0.0229008,0.0267176,0.0267176,0.0687023,0.0229008,0.00763359,0.00763359,0.0305344,0.00763359,0.019084,0.00763359
0.0431655,0.0143885,0.0143885,0.0143885,0.00719424,0.352518,0.0215827,0.0359712,0.0503597,0.0143885,0.158273,0.0863309,0.00719424,0.0143885,0.00719424,0.0863309,0.00719424,0.00719424,0.00719424,0.0503597
0.0338983,0.0338983,0.0338983,0.0169492,0.0847458,0.0508475,0.0677966,0.0169492,0.0847458,0.0677966,0.135593,0.0169492,0.0338983,0.0338983,0.0508475,0.0847458,0.0847458,0.0169492,0.0338983,0.0169492
0.0178571,0.0178571,0.0178571,0.0357143,0.0178571,0.0535714,0.25,0.0357143,0.0357143,0.0714286,0.0714286,0.0357143,0.107143,0.0535714,0.0357143,0.0178571,0.0357143,0.0178571,0.0178571,0.0535714
0.0204082,0.102041,0.0612245,0.0204082,0.102041,0.0816327,0.0408163,0.0408163,0.0204082,0.0612245,0.0816327,0.0612245,0.0612245,0.0204082,0.0204082,0.102041,0.0204082,0.0408163,0.0204082,0.0204082
0.00699301,0.027972,0.020979,0.370629,0.00699301,0.146853,0.048951,0.027972,0.013986,0.041958,0.027972,0.013986,0.00699301,0.041958,0.00699301,0.041958,0.013986,0.020979,0.0909091,0.020979
0.0414508,0.0103627,0.0103627,0.0621762,0.0259067,0.0466321,0.0103627,0.0414508,0.015544,0.00518135,0.165803,0.0621762,0.0414508,0.150259,0.103627,0.015544,0.0725389,0.00518135,0.0466321,0.0673575
0.00909091,0.109091,0.00909091,0.00909091,0.0181818,0.00909091,0.0454545,0.0181818,0.00909091,0.0727273,0.00909091,0.109091,0.0181818,0.227273,0.1,0.0545455,0.0272727,0.0363636,0.0727273,0.0363636
0.0113636,0.0113636,0.125,0.0113636,0.0909091,0.0113636,0.125,0.0909091,0.0227273,0.0113636,0.0113636,0.0227273,0.0568182,0.0227273,0.0113636,0.0340909,0.0909091,0.113636,0.0340909,0.0909091
0.0544554,0.0049505,0.0049505,0.019802,0.0643564,0.029703,0.0445545,0.0940594,0.0841584,0.0148515,0.227723,0.00990099,0.0148515,0.0148515,0.029703,0.0247525,0.0445545,0.183168,0.019802,0.0148515
0.00540541,0.00540541,0.0216216,0.0540541,0.0594595,0.0108108,0.027027,0.00540541,0.0162162,0.124324,0.0810811,0.027027,0.00540541,0.162162,0.102703,0.0972973,0.027027,0.0540541,0.0108108,0.102703
0.0629921,0.0708661,0.0314961,0.0629921,0.0551181,0.0314961,0.023622,0.015748,0.0472441,0.0629921,0.023622,0.102362,0.0314961,0.0393701,0.00787402,0.0629921,0.00787402,0.212598,0.0314961,0.015748
0.791045,0.00497512,0.00995025,0.00497512,0.00995025,0.0149254,0.0199005,0.00995025,0.0348259,0.00497512,0.00497512,0.00497512,0.00497512,0.00497512,0.00497512,0.00497512,0.00995025,0.0199005,0.0248756,0.00995025
0.0677966,0.0169492,0.0169492,0.0338983,0.0338983,0.101695,0.101695,0.0338983,0.118644,0.135593,0.0508475,0.0169492,0.0169492,0.0169492,0.0508475,0.0677966,0.0338983,0.0169492,0.0338983,0.0338983
0.0126582,0.0126582,0.0253165,0.0506329,0.0379747,0.139241,0.126582,0.0126582,0.0253165,0.0126582,0.0379747,0.0126582,0.0126582,0.0379747,0.0126582,0.177215,0.126582,0.0253165,0.0886076,0.0126582
0.00787402,0.015748,0.228346,0.0866142,0.023622,0.0393701,0.0472441,0.023622,0.00787402,0.023622,0.0393701,0.023622,0.0314961,0.0629921,0.023622,0.141732,0.00787402,0.00787402,0.141732,0.015748
0.0204082,0.102041,0.0102041,0.102041,0.132653,0.0102041,0.153061,0.0102041,0.102041,0.0102041,0.0714286,0.0204082,0.0816327,0.0204082,0.0204082,0.0306122,0.0306122,0.0510204,0.0102041,0.0102041
0.0188679,0.0188679,0.0471698,0.0849057,0.00943396,0.00943396,0.103774,0.0660377,0.00943396,0.0660377,0.00943396,0.0188679,0.0188679,0.103774,0.0849057,0.0471698,0.00943396,0.235849,0.0283019,0.00943396
0.0128205,0.179487,0.0128205,0.025641,0.0128205,0.0512821,0.0128205,0.0641026,0.115385,0.0641026,0.0128205,0.0128205,0.025641,0.025641,0.0769231,0.025641,0.0384615,0.0641026,0.0384615,0.128205
0.0116279,0.0988372,0.0232558,0.0697674,0.104651,0.00581395,0.0174419,0.0290698,0.0174419,0.00581395,0.0465116,0.0174419,0.0290698,0.0639535,0.0290698,0.0523256,0.122093,0.127907,0.104651,0.0232558
0.00746269,0.0410448,0.00746269,0.0634328,0.0559701,0.0223881,0.00746269,0.011194,0.0186567,0.0858209,0.216418,0.0335821,0.0895522,0.00373134,0.0783582,0.130597,0.0149254,0.0410448,0.0522388,0.0186567
0.0163934,0.0163934,0.00819672,0.0491803,0.0409836,0.0245902,0.0163934,0.377049,0.0737705,0.00819672,0.0819672,0.0327869,0.0245902,0.0409836,0.0327869,0.00819672,0.00819672,0.0819672,0.0491803,0.00819672
0.016,0.008,0.016,0.056,0.032,0.032,0.016,0.088,0.008,0.04,0.056,0.008,0.104,0.016,0.016,0.04,0.024,0.256,0.152,0.016
0.0103093,0.134021,0.0515464,0.0103093,0.0206186,0.0824742,0.0618557,0.0103093,0.0721649,0.0103093,0.195876,0.0206186,0.0103093,0.14433,0.0206186,0.0206186,0.0309278,0.0206186,0.0618557,0.0103093
0.532213,0.00280112,0.047619,0.0196078,0.0252101,0.0112045,0.022409,0.0112045,0.0448179,0.00280112,0.00280112,0.0252101,0.00840336,0.0308123,0.00840336,0.00840336,0.123249,0.0252101,0.0308123,0.0168067
0.012987,0.012987,0.012987,0.012987,0.012987,0.038961,0.012987,0.0909091,0.0519481,0.0909091,0.025974,0.0519481,0.0649351,0.103896,0.012987,0.012987,0.038961,0.25974,0.0649351,0.012987
0.0333333,0.0333333,0.0166667,0.0166667,0.0166667,0.0166667,0.0166667,0.0166667,0.0166667,0.0166667,0.216667,0.05,0.166667,0.0166667,0.15,0.0333333,0.0333333,0.1,0.0166667,0.0166667
0.0612245,0.163265,0.0204082,0.0204082,0.0816327,0.0204082,0.0612245,0.0204082,0.0204082,0.0408163,0.0204082,0.0204082,0.0612245,0.0204082,0.0408163,0.0204082,0.0408163,0.163265,0.0612245,0.0408163
0.0114943,0.0344828,0.0114943,0.091954,0.0574713,0.0344828,0.0114943,0.045977,0.0229885,0.0114943,0.126437,0.0114943,0.0114943,0.0344828,0.0344828,0.241379,0.0574713,0.0229885,0.091954,0.0344828
0.032,0.032,0.064,0.032,0.024,0.048,0.008,0.072,0.008,0.016,0.04,0.04,0.032,0.032,0.088,0.16,0.224,0.024,0.016,0.008
0.00595238,0.00595238,0.00595238,0.0178571,0.0178571,0.0119048,0.0357143,0.0357143,0.0178571,0.0357143,0.0119048,0.00595238,0.00595238,0.0595238,0.0535714,0.363095,0.25,0.0119048,0.00595238,0.0416667
0.00492611,0.394089,0.0246305,0.00985222,0.00985222,0.0295567,0.00492611,0.0344828,0.0935961,0.044335,0.00985222,0.0394089,0.0197044,0.00492611,0.0147783,0.0197044,0.172414,0.0197044,0.0147783,0.0344828
0.00928074,0.194896,0.0116009,0.0394432,0.0301624,0.111369,0.104408,0.0278422,0.0185615,0.0580046,0.00696056,0.025522,0.00232019,0.0464037,0.176334,0.025522,0.00232019,0.0162413,0.037123,0.0556845
0.01,0.03,0.07,0.04,0.04,0.02,0.01,0.04,0.19,0.01,0.06,0.07,0.01,0.01,0.01,0.09,0.16,0.06,0.02,0.05
0.00431034,0.00862069,0.00431034,0.012931,0.0258621,0.00862069,0.0301724,0.0258621,0.0775862,0.413793,0.00862069,0.00862069,0.00431034,0.0215517,0.00862069,0.0172414,0.012931,0.215517,0.0775862,0.012931
0.00549451,0.0164835,0.00549451,0.0879121,0.192308,0.0274725,0.0549451,0.043956,0.00549451,0.00549451,0.00549451,0.0164835,0.043956,0.0384615,0.0164835,0.00549451,0.032967,0.148352,0.010989,0.236264
0.719512,0.0121951,0.0162602,0.0243902,0.0447154,0.00406504,0.00813008,0.0162602,0.00406504,0.0162602,0.0162602,0.00406504,0.0243902,0.00406504,0.0162602,0.00406504,0.00406504,0.0284553,0.0121951,0.0203252
0.0172414,0.0172414,0.0344828,0.0862069,0.103448,0.0517241,0.0172414,0.103448,0.12069,0.103448,0.0689655,0.0172414,0.0344828,0.0172414,0.0172414,0.0517241,0.0344828,0.0172414,0.0344828,0.0517241
0.0652174,0.0217391,0.217391,0.0217391,0.0217391,0.0434783,0.0217391,0.0217391,0.0652174,0.0434783,0.0217391,0.0217391,0.0434783,0.108696,0.0217391,0.0652174,0.0217391,0.0434783,0.0869565,0.0217391
0.00561798,0.104869,0.108614,0.0187266,0.0187266,0.00187266,0.088015,0.00749064,0.0262172,0.0374532,0.00187266,0.00749064,0.0355805,0.00374532,0.0149813,0.0224719,0.0318352,0.0224719,0.421348,0.0205993
0.0666667,0.1,0.0166667,0.0166667,0.0833333,0.0833333,0.15,0.0166667,0.0666667,0.0166667,0.0333333,0.0166667,0.0166667,0.05,0.1,0.0166667,0.0166667,0.0833333,0.0333333,0.0166667
0.0364583,0.28125,0.015625,0.0520833,0.0104167,0.0729167,0.03125,0.046875,0.078125,0.03125,0.0416667,0.0677083,0.0364583,0.0208333,0.0677083,0.0729167,0.0104167,0.00520833,0.015625,0.00520833
0.00877193,0.0438596,0.00877193,0.0175439,0.00877193,0.0263158,0.00877193,0.0175439,0.140351,0.0701754,0.157895,0.0175439,0.0701754,0.0438596,0.0350877,0.0263158,0.0701754,0.0350877,0.149123,0.0438596
0.515528,0.00310559,0.00310559,0.0341615,0.0186335,0.0217391,0.0248447,0.0341615,0.00931677,0.0403727,0.0496894,0.00621118,0.0776398,0.00931677,0.0217391,0.0124224,0.00621118,0.00931677,0.0931677,0.00931677
0.00304878,0.0396341,0.00914634,0.0243902,0.00304878,0.00609756,0.0304878,0.47561,0.00609756,0.027439,0.0152439,0.0152439,0.0243902,0.00609756,0.00304878,0.20122,0.054878,0.00609756,0.0365854,0.0121951
0.0194175,0.00970874,0.0194175,0.0194175,0.0291262,0.0485437,0.00970874,0.349515,0.0291262,0.0485437,0.00970874,0.00970874,0.038835,0.116505,0.0194175,0.15534,0.00970874,0.00970874,0.00970874,0.038835
0.0982143,0.0848214,0.00892857,0.0669643,0.0357143,0.00446429,0.0223214,0.0133929,0.03125,0.0580357,0.0580357,0.0491071,0.03125,0.142857,0.03125,0.0714286,0.0267857,0.0401786,0.00892857,0.116071
0.00458716,0.0229358,0.0458716,0.0321101,0.0137615,0.0137615,0.504587,0.00458716,0.0137615,0.0275229,0.0550459,0.0504587,0.059633,0.00458716,0.00917431,0.0504587,0.00458716,0.00458716,0.0642202,0.0137615
0.0422535,0.028169,0.112676,0.0422535,0.0140845,0.0985915,0.084507,0.0140845,0.0985915,0.112676,0.028169,0.056338,0.056338,0.0140845,0.0140845,0.126761,0.0140845,0.0140845,0.0140845,0.0140845
0.0254237,0.059322,0.0254237,0.059322,0.0338983,0.00847458,0.0932203,0.0169492,0.0508475,0.0932203,0.0254237,0.0169492,0.0254237,0.0508475,0.0169492,0.0169492,0.0338983,0.0423729,0.228814,0.0762712
0.00209644,0.0880503,0.0104822,0.0922432,0.00419287,0.081761,0.00838574,0.00838574,0.167715,0.033543,0.033543,0.0125786,0.0440252,0.0125786,0.00838574,0.0356394,0.0230608,0.100629,0.213836,0.0188679
0.0558659,0.0558659,0.111732,0.117318,0.0111732,0.00558659,0.0111732,0.0335196,0.0614525,0.0670391,0.0111732,0.00558659,0.0391061,0.106145,0.0614525,0.0391061,0.0726257,0.0111732,0.0949721,0.027933
0.8,0.00540541,0.00540541,0.0108108,0.0216216,0.0216216,0.0108108,0.0108108,0.0108108,0.00540541,0.00540541,0.00540541,0.0108108,0.00540541,0.0108108,0.0108108,0.0108108,0.0108108,0.0216216,0.00540541
0.00539084,0.0107817,0.0296496,0.479784,0.0296496,0.0242588,0.00539084,0.0673854,0.00808625,0.0215633,0.0161725,0.105121,0.00539084,0.0539084,0.00539084,0.0296496,0.0727763,0.00808625,0.00808625,0.0134771
0.016129,0.0645161,0.016129,0.016129,0.016129,0.0322581,0.0483871,0.0483871,0.112903,0.016129,0.0322581,0.016129,0.112903,0.0322581,0.274194,0.0322581,0.0322581,0.016129,0.0483871,0.016129
0.00641026,0.025641,0.147436,0.00641026,0.0128205,0.0320513,0.0192308,0.0192308,0.0192308,0.0192308,0.0641026,0.217949,0.0192308,0.0512821,0.00641026,0.217949,0.0192308,0.0128205,0.0448718,0.0384615
